x=[0 1 2];
f=[-1 0.264 0.729];
root = lagrange(2,f,x,0.0);
