function [NSG,X,Y,suns,crvuns,time]  = rbc_input();

NSG=73;
time =  5.96;

A=[
  1   13.08962435    1.89191452    0.00000000    1.18549743    1.82525593   -0.25213467   -1.38400047    1.51961235    0.21540103    0.00000000    2.47568781 
  2   13.16353026    1.94848824    0.09316554    2.11578332    1.82771434   -0.32180086   -1.13652800    1.67377689    0.32905441    0.11298301    2.18013251 
  3   13.22818223    2.01998503    0.18970842    1.91512604    1.86996160   -0.37720667   -0.81449999    1.54827473    0.40919395    0.21794796    1.86954471 
  4   13.26925468    2.08264235    0.26466433    0.95578006    1.92373356   -0.39924898   -0.63235985    1.15328540    0.43665823    0.27446358    1.86430253 
  5   13.30828491    2.16282848    0.35399084    3.46209283    1.98263279   -0.45288923   -0.22638418    0.81711116    0.40842030    0.37379354    2.03622688 
  6   13.32528372    2.24498525    0.43810929    2.59664199    2.06277052   -0.47440362    0.29933446    0.73613690    0.32608292    0.46007888    2.52087056 
  7   13.32456696    2.30481051    0.49804998    4.35556544    2.12920269   -0.48291064    0.74647854    0.60208696    0.20372486    0.54633119    2.93305398 
  8   13.28531385    2.40596484    0.60770240    5.35992967    2.23938894   -0.46178895    1.69740894    0.20855800    0.07297908    0.60715833    2.87167577 
  9   13.27456994    2.41951144    0.62499548    2.18947278    2.28093445   -0.48432092    1.83793583   -0.00075936   -0.03484177    0.66939541    2.58835972 
 10   13.20379383    2.48421549    0.72123155    3.97585319    2.26051091   -0.32538893    2.06899927    0.28928250   -0.10669556    0.75636219    1.98222349 
 11   13.14449999    2.51365897    0.78757489    2.89471890    2.33917664   -0.29938698    2.29808416    0.51098420   -0.14241302    0.80767718    1.48020361 
 12   13.07803053    2.53166818    0.85652159    1.96703847    2.37757103   -0.24527676    2.38187947    0.04717970   -0.14209026    0.88457498    0.96991116 
 13   12.96051618    2.54187619    0.97464320    1.13549097    2.38889589   -0.15228238    2.38942110   -0.71297116   -0.10894941    1.01121745    0.38662752 
 14   12.83353543    2.53357004    1.10199106    0.97477753    2.29132071   -0.08117747    2.26117394   -0.90021459   -0.06216013    1.14790142   -0.06016072 
 15   12.70657693    2.51028857    1.23110954    0.40360654    2.23969687   -0.02900838    2.17956075   -0.37759279   -0.04159361    1.27309059   -0.41705679 
 16   12.61145077    2.48809056    1.32879196   -0.21862245    2.23473247    0.00853960    2.17847487    0.15883859   -0.09095795    1.38909942   -0.74868908 
 17   12.47875893    2.45896993    1.46464469   -0.12267660    2.20332902    0.03729810    2.16456628    0.11124658   -0.21748668    1.50173765   -1.05363973 
 18   12.36389799    2.43719336    1.58156302   -0.68603547    2.21076537    0.04566933    2.19034865   -0.41031449   -0.36062714    1.61294333   -1.40838679 
 19   12.27707502    2.42717184    1.66899923   -1.60283839    2.21801762    0.03553189    2.21632569   -0.91183608   -0.42049692    1.77620774   -1.32499088 
 20   12.19782462    2.42775125    1.74831033   -1.76335610    2.19862327    0.01861769    2.19105031   -1.17374669   -0.33947037    1.84577270   -1.27270114 
 21   12.10170770    2.44311273    1.84575713   -1.62632467    2.19521332    0.00353375    2.13159017   -1.43649104   -0.15583015    1.96607038   -0.94919785 
 22   11.97624452    2.48742908    1.97902023   -1.25975131    2.19748244    0.00831806    1.99289724   -1.97350084    0.02935315    2.11488743   -0.48847909 
 23   11.85721165    2.55178909    2.11440598   -0.33791362    2.14537237    0.07441015    1.80263070   -2.56123143    0.13354558    2.24985602   -0.10931482 
 24   11.75785877    2.61264787    2.23091776    0.14770533    2.10263460    0.13835680    1.71970402   -2.54880017    0.13782562    2.39318118    0.32932135 
 25   11.68082185    2.65823340    2.32043829    0.78452684    2.06712398    0.17788468    1.71873781   -1.67823701    0.06561479    2.50167297    0.87036003 
 26   11.61361753    2.69277321    2.39601546    1.12846710    2.08480222    0.17491720    1.81542400   -0.63379849   -0.05609737    2.59963684    1.47642510 
 27   11.54968574    2.71909385    2.46518153    1.72437182    2.11726061    0.16550866    1.94278465   -0.27934819   -0.19805099    2.65494654    2.03216674 
 28   11.47735396    2.73858298    2.54017231    2.54028156    2.11118103    0.16974111    2.04756291   -0.50273039   -0.30847521    2.73051353    2.48246920 
 29   11.41333892    2.74506827    2.60457584    2.14809132    2.11086447    0.16773299    2.10539280   -0.46107211   -0.32970055    2.85714821    2.74497317 
 30   11.32398707    2.73966448    2.69419688    1.62134537    2.09938813    0.16049119    2.10115201    0.16185237   -0.25191424    2.93743131    2.53437650 
 31   11.23317642    2.72055533    2.78705683    1.07157865    2.11210275    0.15508898    2.07875253    0.86434398   -0.13262053    3.01383591    2.19979554 
 32   11.14363110    2.69219447    2.88100715    0.48286451    2.15342652    0.16239233    2.08508350    1.20971844   -0.04375477    3.14326610    1.86653292 
 33   11.05557650    2.65840724    2.97533593    0.80004131    2.15163746    0.15808490    2.04395130    1.31757456   -0.00346979    3.22541372    1.81848089 
 34   10.99072288    2.62856865    3.04673818    1.09736679    2.15717045    0.15846862    1.99766551    1.44203641    0.02984943    3.29073367    2.06018277 
 35   10.92790561    2.59356304    3.11867243    1.27330953    2.16634759    0.16207564    1.92951147    1.55571825    0.10107744    3.35853665    2.33811796 
 36   10.82642152    2.51916685    3.24464170    1.29849170    2.18717669    0.18175809    1.77246551    1.48811573    0.20891247    3.48960662    2.32711986 
 37   10.76117588    2.45431145    3.33672012    1.89055138    2.17068960    0.17446765    1.54800960    1.25436094    0.31488635    3.56633280    2.03432691 
 38   10.71175078    2.38715197    3.42018384    1.71181200    2.16632914    0.17861912    1.30356999    1.07767874    0.38892232    3.64671258    1.84710590 
 39   10.67737529    2.32627181    3.49011786    0.58583047    2.18099623    0.21897421    1.20197595    1.06696194    0.43182614    3.73056718    1.89451785 
 40   10.63336193    2.22053803    3.60489669    3.37038191    2.14136802    0.16757445    0.70208456    1.01626519    0.45276660    3.81662578    2.19979554 
 41   10.62379113    2.14110477    3.68514890    3.45253542    2.13170040    0.20266772    0.16813563    0.69281936    0.44007507    3.90366074    2.67349051 
 42   10.63259110    2.07706827    3.74995563    4.29202910    2.11421531    0.20314047   -0.36000617    0.23072437    0.36859898    3.96953736    2.90168093 
 43   10.66003510    2.01331229    3.81958258    3.63191479    2.11122844    0.17209238   -0.93616931    0.00294085    0.23353344    4.02989561    2.87437931 
 44   10.68375085    1.97995510    3.86055608    4.27599370    2.10038337    0.17183794   -1.22408761    0.13923785    0.06589499    4.08185894    2.62984488 
 45   10.75776999    1.92061876    3.95599388    3.90262291    2.07219747    0.16041182   -1.75497064    0.42243272   -0.08563747    4.16064628    1.96637934 
 46   10.83588100    1.89232519    4.03930495    2.33002661    2.08658765    0.14033840   -2.00023333    0.65378289   -0.18057113    4.24164031    1.35374551 
 47   10.97392637    1.87951915    4.17830024    1.25819312    2.12492315    0.12498452   -2.12691069    0.84270112   -0.20106583    4.37681685    0.56011621 
 48   11.04493212    1.88411870    4.24948015    1.33260467    2.09935313    0.11906836   -2.09958846    1.02221878   -0.15976860    4.45989537    0.26913652 
 49   11.10400169    1.89293350    4.30921625    1.03802957    2.10556528    0.11830019   -2.09219195    1.17773267   -0.09698537    4.50478020    0.11560304 
